100 0.005350
100 0.005705
100 0.006425
100 0.007384
100 0.005692
200 0.033816
200 0.034350
200 0.032637
200 0.033440
200 0.033076
300 0.102683
300 0.107882
300 0.107694
300 0.109099
300 0.102521
400 0.245016
400 0.244901
400 0.247682
400 0.244928
400 0.244122
500 0.468788
500 0.466217
500 0.470766
500 0.466663
500 0.464708
600 0.802755
600 0.808962
600 0.804860
600 0.799358
600 0.798825
700 1.286643
700 1.280165
700 1.281866
700 1.289493
700 1.282894
800 1.974866
800 1.973042
800 1.978127
800 1.989187
800 1.983644
900 2.876777
900 2.841066
900 2.836921
900 2.863463
900 2.870779
1000 3.960648
1000 4.342719
1000 4.786764
1000 5.024422
1000 5.274833
