100 0.041693
100 0.037239
100 0.037289
100 0.037487
100 0.036871
200 0.309142
200 0.304066
200 0.306712
200 0.305819
200 0.305820
300 1.035390
300 1.029941
300 1.028294
300 1.030676
300 1.030406
400 2.813235
400 2.786241
400 2.787800
400 2.778251
400 2.758071
500 5.668698
500 5.668183
500 5.665018
500 5.999123
500 6.173711
600 10.020223
600 9.919518
600 10.037091
600 9.936154
600 9.934217
700 16.524406
700 16.497084
700 16.546008
700 16.612535
700 16.573553
800 26.767175
800 26.860919
800 26.809423
800 26.783109
800 26.749820
900 40.632708
900 40.744488
900 40.665005
900 40.667057
900 40.631489
1000 58.218351
1000 58.239644
1000 58.311993
1000 58.258256
1000 58.267893