100 0.024883
100 0.016503
100 0.017227
100 0.017825
100 0.017249
200 0.098976
200 0.099813
200 0.105786
200 0.107495
200 0.108545
300 0.350386
300 0.342574
300 0.345363
300 0.339097
300 0.321109
400 0.818357
400 0.817894
400 0.851146
400 0.836680
400 0.827479
500 1.675109
500 1.661964
500 1.677339
500 1.683655
500 1.677359
600 2.909489
600 2.904851
600 2.920727
600 2.952271
600 2.916647
700 4.609753
700 4.618620
700 4.632748
700 4.598013
700 4.675971
800 7.449184
800 7.430829
800 7.439235
800 7.450485
800 7.445600
900 11.562292
900 11.320659
900 11.480171
900 11.288446
900 11.318914
1000 16.262140
1000 16.208889
1000 16.213650
1000 16.219758
1000 16.281215
